sol =

   0.001017190917599   6.013447716633781   4.991141877285569   3.770547779554540   0.875673496906167
   0.141619020845900   3.431233844800385   1.114769048666818   2.591926655806310   3.861545932673937
   0.149705799100709   3.465027789768638   4.816713971178633   2.969668999401440   1.807194206967248
   0.173638067323943   3.440726173390681   2.641413599231426   2.610665066869619   4.762831487895379
   0.292583432676120   3.762442261464849   1.293410136647206   0.773873615768904   0.877721349373404
   0.312715883725154   3.646901604696321   4.076503837304516   5.634148806564064   1.711507087887733
   0.698927382022282   3.599152469483288   0.440558243351423   2.319614199918537   3.686022640888002
   2.438668758915602   3.129313286535657   0.252237823962315   3.802877979153858   0.514362156522356
   2.572475821586902   3.566679463999685   6.094516544615758   5.185843243601925   5.846197062711061
   3.119627815014489   2.809394804678526   3.775028462855950   3.284154881434532   6.267323651430586
   3.338560237390007   2.441783771434725   5.752105396618874   0.557374600439668   3.986653034860159
   3.344426454819201   0.916773738317894   0.506644029059152   6.262082227951808   1.451227859200348
   3.355939173639878   0.777401983540749   0.309173267643254   2.955740916945908   4.718372753951238
   3.365922534375134   5.755667162016405   5.610295802236361   5.453845427118676   4.178336453260208
   3.496747631377932   0.668595312379681   3.191356892063947   2.722640300798354   3.168020716606521
   3.667639643421333   0.446362119435500   1.682828899987555   5.671158369757271   5.102415571652757
   3.865469992179321   3.150686565457156   0.618744945459410   0.871414823350888   0.317634986936902
   4.034208389490300   3.413824898802769   3.442285410352628   3.940397563480393   2.187516710504461
   4.041475254640867   3.890336952907423   3.360344037564081   4.123094103466896   2.121187590031149
   4.195181922313911   3.536359307591201   3.452856700371294   0.859849042494848   1.723727438623399
   4.207037090102837   3.996893793902633   3.345963455171013   1.180066168152260   2.262800293805492
   5.573544848887833   0.890107672344181   6.076984886652260   0.897432523045059   1.824937907250897
   5.576810574784079   0.893946565191272   6.075879512641664   2.246217162623529   4.975977606548610
   5.838172797565384   3.176960540710368   2.713460644271291   2.449908818851826   4.637160415209464
   5.979570763629050   0.521250807779416   5.373433776497410   2.474043893792766   1.737186867847203
   6.053673004381881   3.946607147924469   0.324719810586273   5.933199365058131   0.306120796762741