sol =

   0.047595537533052   5.678115515180929   3.317251686702225   2.112736987659181   2.800202260221218
   0.062721456743287   3.094033338228799   3.258850484612897   2.890118496090026   3.642632602103726
   0.285005932308808   5.987417576966055   0.062092695184500   2.056743247929644   0.984658431199680
   0.360410783942064   0.060566387256134   0.073645492603723   2.740983850412866   5.131298545930401
   0.397341654942337   2.691157092404441   6.148705400725844   2.536209646518349   3.113147828743644
   0.738705423269155   3.285707860238077   5.902803557218348   2.303507676372293   3.153993513218591
   1.474554922232920   2.548874972753549   3.362660809459514   2.399229256737357   3.373437970212200
   1.599609650836475   5.704176508108325   4.315698330508475   0.575712273934683   3.320880443792612
   2.452005104662652   3.792573632739441   3.965264195407148   0.245454626879663   5.421264369349153
   2.767872183302869   5.601180726588582   3.204749729885223   3.578879425840344   0.027307432072330
   2.863057150755640   5.357599174474728   3.558134687403204   0.011282842309823   1.383965457080950
   2.919531995067604   3.863130834554588   3.023362410155780   5.823698586722819   4.481665758525263
   3.011078067391166   6.249181537974786   5.108871738857372   2.981379035534608   5.029575461865313
   3.179631375582649   3.485697484385279   2.922392300662901   5.733493795708363   4.514052357091717
   3.283241158022279   2.729870962239377   0.265439518842441   0.172892560712691   4.669491784944998
   3.385098596053895   2.931803310745467   3.344087280926397   2.250586150058408   3.040811738808242
   3.642241174364443   3.435923564856589   4.109437851678932   6.001461837628909   1.629600166078507
   3.659613847345430   3.383364763616574   4.061034218112771   5.933438753291266   1.835415955755442
   3.872267454303878   0.424288700954738   2.178367279819788   3.007591787433260   2.765198563374582
   3.958394559276203   3.019195660464528   5.788064375245485   3.376461661719439   6.208982308152620
   4.032017141452035   3.090023183398395   3.607926790093122   0.133559390332376   6.140431960619400
   4.520637149805151   3.342495528466883   0.310681766783859   0.487687855954974   0.800734979035373
   5.765476338470531   3.669214209003972   5.168882630379922   2.277595728578178   1.598926251720678
   5.935030237726033   3.004588658151861   0.167212107740795   0.249443217097669   0.554931186247412
   5.960385751972686   3.811988367854171   3.617313053535233   3.685043861076608   4.853379554097685
   6.265229123821610   0.007745087060085   3.904629617733442   6.069475040873659   3.168927965835270
