
sol =

   0.047324798837888   0.081322386908248   3.704894463795933   3.755940221139102   6.269995190360891
   0.445932550426828   3.580666152004739   2.848904940792305   5.372712997550342   4.365675312745773
   0.544640221336418   3.007969728128879   0.246889686032337   3.088547536443919   4.935422541911119
   3.000606020477862   3.502421542279577   3.130628513576806   3.856157866188032   5.130245205392552
   3.154088056751955   5.895582856925750   0.094693200615548   6.027398054180384   1.022749329454100
   3.195690839534305   3.454573495233644   3.182644805994460   3.759676815864774   5.328646670849122
   3.265072325544427   3.253175557035181   2.594637239793946   2.526253107965412   0.370258281877703
   3.398991620253109   2.956324210676061   3.151545552566939   4.210804531376322   3.418645816821077
   3.623665796145582   3.095932736128232   0.456129015446529   6.121318920648271   2.229317907421280
   3.675840542533385   0.007263050165305   3.136344340727871   5.168457780088254   0.732850296816806
   5.792432636805950   3.701728316202753   5.761427864367806   5.315610401902787   4.292055510434788
   5.829880750099413   6.023340713950470   2.640629913104766   6.097278976107132   4.033718121400755
   5.916547981523425   6.006613040432917   3.008272925942820   2.424586464908763   5.743115269823956

>> 