
>> sol

sol =

   0.006126729562789   5.979073895077188   3.402352665021172   5.895257919266581   3.572031368077033
   2.391261293666090   3.195747475350053   3.793307146265618   2.250724221921114   3.455509746900837
   2.641579383882022   0.609872683709519   3.090591919357793   2.111129426808388   1.807335088513144
   2.878882150061563   0.320425773721085   2.629018255136966   5.543702349450384   3.335503470124177
   2.937723868441290   4.070139033873283   0.509385122641901   6.249763736593908   1.425568192402040
   3.106332400392870   2.351208798189884   3.108904543183995   0.297974741049122   4.513626806531593
   3.109366165514391   2.818677572463447   5.657857174421410   3.029158373431668   3.182027441697553
   3.182535043098142   2.599509295709036   5.849106863788355   3.227841806710856   4.784483162358661
   3.187057082223931   0.572077991262373   0.670559014431859   0.142829433692030   4.505224033356661
   3.460563980563542   3.059685576262781   3.141411974248438   3.954133458948296   4.483231054685117
   3.472359049818448   0.369503293738618   3.225491347276481   0.700156935196544   0.000059632533871
   3.516495649841915   3.185604747260537   0.082717975663444   2.086633455670023   1.226665542866444
   3.948905526501990   6.257558754178582   5.219709516735993   2.754385811703057   1.999162649341965
   4.280153606180841   3.627340238463018   1.217793904669748   0.464575884104378   3.492315071021527
   5.637966113831022   3.761389503674688   5.575940128171970   6.038059355209324   2.333627354339071
   5.740717161289540   0.126575399590706   3.435100944462997   0.539791846018038   0.184855521853919
   5.782361661581768   0.605444807531942   3.078304605702003   2.158008599245222   1.729133264656213